-1.33009963e-01 -3.10720893e-01 -5.61451827e-01  5.81680309e-02
   2.68768562e-02  4.00060483e-02 -2.85366772e-02  2.09865176e-01
   1.38285259e-01  2.12519650e-01 -3.37222406e-01  1.06382969e-01
  -3.99029888e+00 -9.32162678e+00 -1.68435548e+01  1.74504093e+00
   8.06305687e-01  1.20018145e+00 -8.56100315e-01  6.29595528e+00
   4.14855777e+00  6.37558949e+00 -1.01166722e+01  3.19148908e+00
 -1.21375104e-01 -3.38306303e-01 -5.72224271e-01  1.22696799e-01
  -1.03024481e-03  3.23683182e-02 -2.55799057e-02  2.10300454e-01
   1.60405471e-01  2.55777527e-01 -3.36981642e-01  9.84520047e-02
   3.49045768e-01 -8.27562313e-01 -3.23173329e-01  1.93586306e+00
  -8.37213031e-01 -2.29131904e-01  8.87031440e-02  1.30583425e-02
   6.63606360e-01  1.29773632e+00  7.22292080e-03 -2.37928938e-01
 -8.57108585e-02 -2.76631682e-01 -5.67396823e-01  2.02123403e-01
   8.03076096e-03 -3.43705283e-02 -2.24208897e-02  2.19361944e-01
   1.64731061e-01  3.13420021e-01 -3.23943130e-01  8.73506884e-02
   1.06992735e+00  1.85023864e+00  1.44823444e-01  2.38279812e+00
   2.71830173e-01 -2.00216540e+00  9.47704803e-02  2.71844690e-01
   1.29767700e-01  1.72927483e+00  3.91155341e-01 -3.33039488e-01
 -4.24922600e-02 -1.51626010e-01 -5.52673525e-01  2.52128403e-01
   6.32199102e-02 -4.35655175e-03  2.46246772e-02  2.09754501e-01
   1.41434153e-01  3.99227285e-01 -2.82457899e-01  7.08501868e-02
   1.29655796e+00  3.75017016e+00  4.41698957e-01  1.50015000e+00
   1.65567448e+00  9.00419297e-01  1.41136701e+00 -2.88223290e-01
  -6.98907232e-01  2.57421792e+00  1.24455696e+00 -4.95015047e-01
  5.63184700e-03 -1.06630567e-01 -5.44584333e-01  3.21765054e-01
   6.08505627e-02 -7.40769742e-03  9.37327142e-02  1.88281099e-01
   8.54582151e-02  5.39643354e-01 -2.04403615e-01  4.56422871e-02
   1.44372321e+00  1.34986327e+00  2.42675737e-01  2.08909951e+00
  -7.10804242e-02 -9.15343700e-02  2.07324111e+00 -6.44202042e-01
  -1.67927815e+00  4.21248207e+00  2.34162849e+00 -7.56236991e-01
  3.55007772e-02 -1.54070265e-01 -5.27071368e-01  3.81898296e-01
   2.03269514e-02 -7.75379721e-02  1.42441677e-01  1.40390918e-01
   8.72149820e-03  7.29725435e-01 -1.00056197e-01  5.87225065e-03
   8.96067906e-01 -1.42319093e+00  5.25388969e-01  1.80399728e+00
  -1.21570834e+00 -2.10390824e+00  1.46126888e+00 -1.43670546e+00
  -2.30210151e+00  5.70246243e+00  3.13042254e+00 -1.19310109e+00
  5.53809116e-02 -1.66590984e-01 -4.89198822e-01  3.94759741e-01
  -2.17752105e-02 -1.06333237e-01  1.59522192e-01  8.20575514e-02
  -8.00535726e-02  9.30372042e-01 -1.89414570e-02 -8.98650598e-03
   5.96404033e-01 -3.75621584e-01  1.13617638e+00  3.85843347e-01
  -1.26306486e+00 -8.63857938e-01  5.12415455e-01 -1.75000098e+00
  -2.66325212e+00  6.01939821e+00  2.43344221e+00 -4.45762699e-01
  7.54139621e-02 -1.73457898e-01 -4.44181112e-01  3.90292215e-01
  -5.51265654e-02 -1.23431004e-01  1.71540961e-01  2.84186565e-02
  -1.78857761e-01  1.09449724e+00  1.13132924e-01 -3.31590384e-02
   6.00991513e-01 -2.06007425e-01  1.35053131e+00 -1.34025787e-01
  -1.00054065e+00 -5.12933025e-01  3.60563079e-01 -1.60916685e+00
  -2.96412566e+00  4.92375606e+00  3.96223144e+00 -7.25175974e-01
  9.24600607e-02 -1.59191017e-01 -3.85532020e-01  3.74445578e-01
  -8.33389557e-02 -1.25846368e-01  1.71009742e-01 -8.64148949e-04
  -2.51646064e-01  1.20009087e+00  1.26354208e-01 -4.93858855e-02
   5.11382960e-01  4.28006428e-01  1.75947275e+00 -4.75399089e-01
  -8.46371708e-01 -7.24608969e-02 -1.59365661e-02 -8.78484162e-01
  -2.18364909e+00  3.16780878e+00  3.96638517e-01 -4.86805412e-01
  1.09310574e-01 -1.30107936e-01 -3.21159542e-01  3.45294024e-01
  -1.03092896e-01 -1.31940876e-01  1.68241195e-01 -1.76490457e-02
  -3.13960076e-01  1.25452085e+00  5.65069626e-02 -2.33240091e-02
   5.05515398e-01  8.72492444e-01  1.93117433e+00 -8.74546632e-01
  -5.92618200e-01 -1.82835256e-01 -8.30564207e-02 -5.03546904e-01
  -1.86942034e+00  1.63289940e+00 -2.09541737e+00  7.81856293e-01
  1.16762837e-01 -1.06218976e-01 -2.63822117e-01  3.14738430e-01
  -1.21672214e-01 -1.37249810e-01  1.55896465e-01 -2.75038937e-02
  -3.80205303e-01  1.26358165e+00  1.93619330e-02  1.95396925e-03
   2.23567890e-01  7.16668813e-01  1.72012277e+00 -9.16667807e-01
  -5.57379543e-01 -1.59268014e-01 -3.70341904e-01 -2.95645438e-01
  -1.98735680e+00  2.71823940e-01 -1.11435089e+00  7.58339349e-01
  1.17056587e-01 -9.80252101e-02 -2.10520116e-01  2.85932396e-01
  -1.36496216e-01 -1.44157311e-01  1.40586037e-01 -2.99023037e-02
  -4.38844866e-01  1.22826961e+00 -3.16060178e-02  3.87589701e-03
   8.81251355e-03  2.45812964e-01  1.59906002e+00 -8.64181046e-01
  -4.44720067e-01 -2.07225024e-01 -4.59312848e-01 -7.19523014e-02
  -1.75918691e+00 -1.05936118e+00 -1.52903852e+00  5.76578328e-02
  1.17785519e-01 -8.80805649e-02 -1.64826301e-01  2.59285220e-01
  -1.52889087e-01 -1.51196633e-01  1.28358882e-01 -2.56952814e-02
  -4.93147523e-01  1.15585267e+00 -1.00648558e-01  2.51457139e-02
   2.18679422e-02  2.98339357e-01  1.37081445e+00 -7.99415262e-01
  -4.91786133e-01 -2.11179672e-01 -3.66814650e-01  1.26210669e-01
  -1.62907970e+00 -2.17250807e+00 -2.07127620e+00  6.38094506e-01
  1.13998133e-01 -8.56188847e-02 -1.22259265e-01  2.37194592e-01
  -1.73829377e-01 -1.52504011e-01  1.11370855e-01 -2.28848530e-02
  -5.36689017e-01  1.04593032e+00 -1.44764167e-01  3.34376956e-02
  -1.13621565e-01  7.38504059e-02  1.27701108e+00 -6.62718848e-01
  -6.28208703e-01 -3.92213324e-02 -5.09640795e-01  8.43128525e-02
  -1.30624483e+00 -3.29767049e+00 -1.32346827e+00  2.48759452e-01
  1.12724206e-01 -8.61588156e-02 -8.07773066e-02  2.19923005e-01
  -1.95657139e-01 -1.57326162e-01  9.68285284e-02 -2.19639371e-02
  -5.66386207e-01  9.07429773e-01 -1.49304591e-01  2.40461546e-02
  -3.82178114e-02 -1.61979254e-02  1.24445876e+00 -5.18147622e-01
  -6.54832856e-01 -1.44664524e-01 -4.36269802e-01  2.76274764e-02
  -8.90915693e-01 -4.15501653e+00 -1.36212722e-01 -2.81746232e-01
  1.17944289e-01 -7.38767031e-02 -4.93928271e-02  2.07813028e-01
  -2.17339078e-01 -1.62368039e-01  8.90356093e-02 -1.40990884e-02
  -5.92232178e-01  7.54814212e-01 -1.23768139e-01  1.46894010e-02
   1.56602493e-01  3.68463374e-01  9.41534384e-01 -3.63299298e-01
  -6.50458180e-01 -1.51256315e-01 -2.33787575e-01  2.35945460e-01
  -7.75379131e-01 -4.57846683e+00  7.66093571e-01 -2.80702608e-01
  1.21876750e-01 -6.65689383e-02 -1.16949978e-02  1.99168149e-01
  -2.42457721e-01 -1.61340271e-01  8.09610712e-02  1.09132368e-02
  -6.01188192e-01  5.93449718e-01 -1.07409673e-01  4.96298412e-03
   1.17973828e-01  2.19232943e-01  1.13093488e+00 -2.59346356e-01
  -7.53559265e-01  3.08330441e-02 -2.42236144e-01  7.50369756e-01
  -2.68680428e-01 -4.84093481e+00  4.90753978e-01 -2.91792505e-01
  1.23381572e-01 -6.19057494e-02  2.50959716e-02  1.95048699e-01
  -2.67507352e-01 -1.69225379e-01  7.05070148e-02  5.63474164e-02
  -6.01022796e-01  4.35554723e-01 -8.77734173e-02  3.36838390e-03
   4.51446409e-02  1.39895668e-01  1.10372908e+00 -1.23583516e-01
  -7.51488931e-01 -2.36553242e-01 -3.13621690e-01  1.36302539e+00
   4.96188378e-03 -4.73684986e+00  5.89087657e-01 -4.78380067e-02
  1.23213432e-01 -6.34550888e-02  6.64960067e-02  1.92577024e-01
  -2.88702173e-01 -1.82701547e-01  6.04575058e-02  1.16132998e-01
  -5.87657810e-01  2.87852907e-01 -6.38992351e-02 -1.56339873e-02
  -5.04418239e-03 -4.64801837e-02  1.24200105e+00 -7.41502431e-02
  -6.35844651e-01 -4.04285049e-01 -3.01485270e-01  1.79356744e+00
   4.00949584e-01 -4.43105449e+00  7.16225467e-01 -5.70071135e-01
  1.17575277e-01 -7.50243304e-02  1.04361480e-01  2.01922406e-01
  -3.02898308e-01 -1.82786794e-01  4.90022727e-02  1.51839035e-01
  -5.66591755e-01  1.67616174e-01 -5.51195037e-02 -4.55785235e-02
  -1.69144666e-01 -3.47077246e-01  1.13596419e+00  2.80361471e-01
  -4.25884053e-01 -2.55740970e-03 -3.43656992e-01  1.07118113e+00
   6.31981663e-01 -3.60710197e+00  2.63391943e-01 -8.98336086e-01
  1.09536236e-01 -8.72742704e-02  1.37810631e-01  2.30933076e-01
  -3.10029436e-01 -1.82680106e-01  4.05310615e-02  1.37127334e-01
  -5.45716370e-01  1.17707777e-01 -7.07367004e-02 -4.86137488e-02
  -2.41171233e-01 -3.67498200e-01  1.00347453e+00  8.70320098e-01
  -2.13933839e-01  3.20065128e-03 -2.54136338e-01 -4.41351047e-01
   6.26261547e-01 -1.49725193e+00 -4.68515901e-01 -9.10567588e-02
  9.47028095e-02 -9.32204061e-02  1.48482195e-01  2.84679404e-01
  -3.10481163e-01 -1.93411217e-01  3.19355243e-02  1.14750049e-01
  -5.52095690e-01  1.71248571e-01 -6.46222439e-02 -3.95352811e-02
  -4.45002786e-01 -1.78384071e-01  3.20146932e-01  1.61238983e+00
  -1.35517875e-02 -3.21933352e-01 -2.57866117e-01 -6.71318525e-01
  -1.91379611e-01  1.60622383e+00  1.83433694e-01  2.72354031e-01
  6.68747463e-02 -9.51120058e-02  1.43957527e-01  3.61791022e-01
  -2.99204919e-01 -2.05256893e-01  1.44323406e-02  9.08851715e-02
  -5.52302634e-01  2.42473514e-01 -5.53629008e-02 -5.31738203e-02
  -8.34841894e-01 -5.67479917e-02 -1.35740057e-01  2.31334853e+00
   3.38287310e-01 -3.55370274e-01 -5.25095508e-01 -7.15946339e-01
  -6.20831941e-03  2.13674828e+00  2.77780294e-01 -4.09156177e-01
  2.33353047e-02 -1.04147407e-01  1.17327197e-01  4.74599879e-01
  -2.61485801e-01 -2.05080286e-01 -1.47911356e-02  6.75123405e-02
  -5.45538728e-01  2.95798061e-01 -3.14732292e-02 -1.04619422e-01
  -1.30618325e+00 -2.71062024e-01 -7.98909877e-01  3.38426572e+00
   1.13157353e+00  5.29821230e-03 -8.76704288e-01 -7.01184931e-01
   2.02917194e-01  1.59973641e+00  7.16690147e-01 -1.54336806e+00
 -3.70914299e-02 -1.30186611e-01  7.37344109e-02  6.29353012e-01
  -1.74125504e-01 -1.82159223e-01 -5.72543144e-02  8.86481249e-02
  -5.26740731e-01  3.62461843e-01 -5.10394326e-02 -6.65443511e-02
  -1.81280204e+00 -7.81176132e-01 -1.30778359e+00  4.64259399e+00
   2.62080892e+00  6.87631881e-01 -1.27389536e+00  6.34073532e-01
   5.63939907e-01  1.99991348e+00 -5.86986102e-01  1.14225214e+00
 -7.83290399e-02 -1.45307001e-01  6.31715305e-03  8.10505760e-01
  -6.38372146e-02 -1.23019932e-01 -8.25488909e-02  1.00363659e-01
  -4.93280327e-01  4.00796189e-01 -8.76719035e-02 -8.03410426e-03
  -1.23712830e+00 -4.53611687e-01 -2.02251773e+00  5.43458245e+00
   3.30864868e+00  1.77417875e+00 -7.58837297e-01  3.51466026e-01
   1.00381212e+00  1.15003036e+00 -1.09897413e+00  1.75530741e+00
 -1.26796726e-01 -1.26609362e-01 -9.04607347e-02  1.00530001e+00
   4.06859769e-02 -6.08812174e-02 -1.08135651e-01  1.05464238e-01
  -4.44512616e-01  3.97226885e-01 -1.13173954e-01  3.63807263e-02
  -1.45403059e+00  5.60929152e-01 -2.90333663e+00  5.84382753e+00
   3.13569574e+00  1.86416143e+00 -7.67602794e-01  1.53017354e-01
   1.46303131e+00 -1.07079104e-01 -7.65061506e-01  1.33244492e+00
 -1.53707276e-01 -8.96138001e-02 -1.81031698e-01  1.15099306e+00
   1.95359130e-01 -5.29521299e-03 -1.16600035e-01  1.15888439e-01
  -3.86964866e-01  3.84730270e-01 -1.38360454e-01  6.30074433e-02
  -8.07316498e-01  1.10986686e+00 -2.71712889e+00  4.37079143e+00
   4.64019458e+00  1.66758013e+00 -2.53931540e-01  3.12726045e-01
   1.72643251e+00 -3.74898457e-01 -7.55595001e-01  7.98801510e-01
 -1.64957572e-01 -6.24883173e-02 -2.64518755e-01  1.25635300e+00
   2.56235189e-01 -1.45142917e-02 -1.21751386e-01  1.08383519e-01
  -3.26584555e-01  3.59045124e-01 -1.60227654e-01  7.07497027e-02
  -3.37508868e-01  8.13764484e-01 -2.50461172e+00  3.16079825e+00
   1.82628177e+00 -2.76572362e-01 -1.54540518e-01 -2.25147605e-01
   1.81140935e+00 -7.70554384e-01 -6.56016022e-01  2.32267781e-01
 -1.66389646e-01 -4.50178536e-02 -3.32547004e-01  1.31021085e+00
   2.23424740e-01 -3.82072062e-02 -1.21209130e-01  1.08272035e-01
  -2.60432301e-01  3.25980249e-01 -1.77455473e-01  7.79588420e-02
  -4.29622085e-02  5.24113912e-01 -2.04084746e+00  1.61573540e+00
  -9.84313456e-01 -7.10787434e-01  1.62676914e-02 -3.34451770e-03
   1.98456761e+00 -9.91946240e-01 -5.16834553e-01  2.16274181e-01
 -1.63182800e-01 -3.59977075e-02 -3.91634172e-01  1.31709938e+00
   1.52123614e-01 -8.65603158e-02 -1.16399451e-01  1.15519392e-01
  -1.92900548e-01  2.90056269e-01 -1.91925659e-01  8.52686875e-02
   9.62053616e-02  2.70604384e-01 -1.77261504e+00  2.06655897e-01
  -2.13903380e+00 -1.45059329e+00  1.44290359e-01  2.17420714e-01
   2.02595259e+00 -1.07771942e+00 -4.34105575e-01  2.19295364e-01
 -1.55057682e-01 -3.21062879e-02 -4.48095001e-01  1.28065821e+00
   5.18077201e-02 -1.30674679e-01 -1.08531618e-01  1.29097444e-01
  -1.35744322e-01  2.58258262e-01 -2.05841970e-01  8.94506988e-02
   2.43753551e-01  1.16742587e-01 -1.69382489e+00 -1.09323490e+00
  -3.00947681e+00 -1.32343091e+00  2.36034983e-01  4.07341563e-01
   1.71468680e+00 -9.53940211e-01 -4.17489343e-01  1.25460340e-01
 -1.47259340e-01 -3.11242365e-02 -4.98085832e-01  1.19921431e+00
  -3.50347163e-02 -1.40862370e-01 -1.01642092e-01  1.42231071e-01
  -8.67458331e-02  2.30208652e-01 -2.19998972e-01  9.76275047e-02
   2.33950246e-01  2.94615404e-02 -1.49972492e+00 -2.44331710e+00
  -2.60527309e+00 -3.05630729e-01  2.06685799e-01  3.94008815e-01
   1.46995465e+00 -8.41488294e-01 -4.24710060e-01  2.45304177e-01
 -1.40362693e-01 -3.72211753e-02 -5.34510641e-01  1.06881343e+00
  -8.13160172e-02 -1.47100835e-01 -9.59441619e-02  1.42300047e-01
  -4.47718484e-02  2.06867730e-01 -2.35318169e-01  1.00707049e-01
   2.06899403e-01 -1.82908162e-01 -1.09274426e+00 -3.91202629e+00
  -1.38843903e+00 -1.87153943e-01  1.70937890e-01  2.06927278e-03
   1.25921954e+00 -7.00227656e-01 -4.59575912e-01  9.23863364e-02
 -1.35112647e-01 -4.71868555e-02 -5.60649108e-01  8.99916088e-01
  -5.24555462e-02 -1.41296281e-01 -9.16553594e-02  1.37772950e-01
  -1.47842484e-02  1.93924281e-01 -2.51470460e-01  1.07500494e-01
   1.57501409e-01 -2.98970406e-01 -7.84154005e-01 -5.06692038e+00
   8.65814129e-01  1.74136641e-01  1.28664073e-01 -1.35812913e-01
   8.99628000e-01 -3.88303485e-01 -4.84568720e-01  2.03803338e-01
 -1.31243702e-01 -6.70183728e-02 -5.74541764e-01  7.05055270e-01
  -1.91350859e-02 -1.35245730e-01 -8.81422167e-02  1.30714168e-01
   6.51495759e-03  1.89442642e-01 -2.71058821e-01  1.10423165e-01
   1.16068335e-01 -5.94945520e-01 -4.16779682e-01 -5.84582454e+00
   9.99613811e-01  1.81516508e-01  1.05394282e-01 -2.11763464e-01
   6.38976180e-01 -1.34449164e-01 -5.87650826e-01  8.76801386e-02
 -1.33808465e-01 -1.06253640e-01 -5.78330702e-01  5.02719705e-01
   4.44585695e-03 -1.31650751e-01 -7.16629247e-02  1.41150654e-01
   4.80861340e-02  1.85967884e-01 -2.89133095e-01  1.13835209e-01
  -7.69428844e-02 -1.17705803e+00 -1.13668144e-01 -6.07006696e+00
   7.07428285e-01  1.07849364e-01  4.94378760e-01  3.13094572e-01
   1.24713529e+00 -1.04242724e-01 -5.42228220e-01  1.02361304e-01
 -1.40180350e-01 -1.64693631e-01 -5.70213236e-01  3.05304739e-01
   2.36287501e-02 -1.00427552e-01 -5.69094509e-02  1.60926870e-01
   7.49202907e-02  1.84863350e-01 -3.02840352e-01  1.15261295e-01
  -1.91156548e-01 -1.75319972e+00  2.43523983e-01 -5.92244896e+00
   5.75486794e-01  9.36695973e-01  4.42604213e-01  5.93286480e-01
   8.05024702e-01 -3.31360363e-02 -4.11217720e-01  4.27825922e-02
 -1.37441029e-01 -2.13831290e-01 -5.44049003e-01  1.39092464e-01
   4.85969981e-02 -4.79725891e-02 -3.57750973e-02  1.92836357e-01
   1.08874805e-01  1.94907417e-01 -3.14815631e-01  1.09049898e-01
   8.21796109e-02 -1.47412977e+00  7.84926980e-01 -4.98636824e+00
   7.49047440e-01  1.57364890e+00  6.34030609e-01  9.57284616e-01
   1.01863542e+00  3.01322030e-01 -3.59258361e-01 -1.86341917e-01
 -1.28524163e-01 -2.27695260e-01 -5.15127885e-01  6.01889160e-02
   3.93007345e-02  3.23358456e-03 -2.85366772e-02  2.09865176e-01
   1.38285259e-01  2.20084233e-01 -3.21227280e-01  1.09568758e-01
   2.67505990e-01 -4.15919103e-01  8.67633537e-01 -2.36710645e+00
  -2.78887907e-01  1.53618521e+00  2.17152604e-01  5.10864579e-01
   8.82313626e-01  7.55304475e-01 -1.92349481e-01  1.55657983e-02
